<?xml version="1.0"?>
<opencv_storage>
<CameraMatrix type_id="opencv-matrix">
  <rows>3</rows>
  <cols>3</cols>
  <dt>d</dt>
  <data>
    551.005708966729 0. 241.75373644657702 0. 560.93465641120463
    247.10327108419654 0. 0. 1.</data></CameraMatrix>
<DistortionCoeffs type_id="opencv-matrix">
  <rows>1</rows>
  <cols>5</cols>
  <dt>d</dt>
  <data>
    -0.20757378110514352 -0.28428891515722665 -0.007235408549033007
    -0.0014739155607009211 0.48986565318848807</data></DistortionCoeffs>
<RotationVector type_id="opencv-matrix">
  <rows>3</rows>
  <cols>1</cols>
  <dt>d</dt>
  <data>
    -1.3362922726599258 -1.1011022548883871 -1.0571723218185765</data></RotationVector>
<TranslationVector type_id="opencv-matrix">
  <rows>3</rows>
  <cols>1</cols>
  <dt>d</dt>
  <data>
    310.04986804380019 1302.9333687414432 3528.6405467711002</data></TranslationVector>
</opencv_storage>
