<?xml version="1.0"?>
<opencv_storage>
<CameraMatrix type_id="opencv-matrix">
  <rows>3</rows>
  <cols>3</cols>
  <dt>d</dt>
  <data>
    504.78602133860016 0. 321.81081286063301 0. 507.49062487284579
    227.82493965604633 0. 0. 1.</data></CameraMatrix>
<DistortionCoeffs type_id="opencv-matrix">
  <rows>1</rows>
  <cols>5</cols>
  <dt>d</dt>
  <data>
    -0.40443101288451733 0.3649097426962728 -0.0002263276715211077
    0.0017257098757467149 -0.28476687880202139</data></DistortionCoeffs>
<RotationVector type_id="opencv-matrix">
  <rows>3</rows>
  <cols>1</cols>
  <dt>d</dt>
  <data>
    -1.2953841608799801 -1.2471934669686122 -1.1175185262552159</data></RotationVector>
<TranslationVector type_id="opencv-matrix">
  <rows>3</rows>
  <cols>1</cols>
  <dt>d</dt>
  <data>
    -225.31921852251449 1430.1267609388922 3148.0338617893453</data></TranslationVector>
</opencv_storage>