<?xml version="1.0"?>
<opencv_storage>
<CameraMatrix type_id="opencv-matrix">
  <rows>3</rows>
  <cols>3</cols>
  <dt>d</dt>
  <data>
    1019.8371875073054 0. 200.03275050524786 0. 1008.5100615784172
    176.98190287624624 0. 0. 1.</data></CameraMatrix>
<DistortionCoeffs type_id="opencv-matrix">
  <rows>1</rows>
  <cols>5</cols>
  <dt>d</dt>
  <data>
    -1.2141545902741802 16.461681967153666 0.0037174327742123866
    -0.047681304279283444 -76.690568901482209</data></DistortionCoeffs>
<RotationVector type_id="opencv-matrix">
  <rows>3</rows>
  <cols>1</cols>
  <dt>d</dt>
  <data>
    0.010719804877628712 2.0153175042380909 2.3340847796223438</data></RotationVector>
<TranslationVector type_id="opencv-matrix">
  <rows>3</rows>
  <cols>1</cols>
  <dt>d</dt>
  <data>
    557.8689974845239 1634.1375868374578 5896.5533877735706</data></TranslationVector>
</opencv_storage>
