<?xml version="1.0"?>
<opencv_storage>
<CameraMatrix type_id="opencv-matrix">
  <rows>3</rows>
  <cols>3</cols>
  <dt>d</dt>
  <data>
    814.18453813363089 0. 344.16896531816622 0. 824.09313211565529
    306.55130980597011 0. 0. 1.</data></CameraMatrix>
<DistortionCoeffs type_id="opencv-matrix">
  <rows>1</rows>
  <cols>5</cols>
  <dt>d</dt>
  <data>
    -1.1916393776932961 6.2904746405337111 -0.0079357890012560911
    -0.038515880938407722 -15.469124453319942</data></DistortionCoeffs>
<RotationVector type_id="opencv-matrix">
  <rows>3</rows>
  <cols>1</cols>
  <dt>d</dt>
  <data>
    -0.14422361211236714 1.8098059275353526 2.3612141550813739</data></RotationVector>
<TranslationVector type_id="opencv-matrix">
  <rows>3</rows>
  <cols>1</cols>
  <dt>d</dt>
  <data>
    -320.81330009892753 826.85789744995623 4713.4220634970543</data></TranslationVector>
</opencv_storage>
