<?xml version="1.0"?>
<opencv_storage>
<CameraMatrix type_id="opencv-matrix">
  <rows>3</rows>
  <cols>3</cols>
  <dt>d</dt>
  <data>
    509.42639532621558 0. 306.76645406667865 0. 514.78500553577146
    217.90471695263275 0. 0. 1.</data></CameraMatrix>
<DistortionCoeffs type_id="opencv-matrix">
  <rows>1</rows>
  <cols>5</cols>
  <dt>d</dt>
  <data>
    -0.27246326902346463 -0.21294516641880618 -0.0038681015107133159
    -0.0021817533079497974 0.42022371576722078</data></DistortionCoeffs>
<RotationVector type_id="opencv-matrix">
  <rows>3</rows>
  <cols>1</cols>
  <dt>d</dt>
  <data>
    -1.3697029780651844 -0.55489395685452625 -0.68075238390241399</data></RotationVector>
<TranslationVector type_id="opencv-matrix">
  <rows>3</rows>
  <cols>1</cols>
  <dt>d</dt>
  <data>
    109.18071932932206 975.85839971154519 4668.6415295586467</data></TranslationVector>
</opencv_storage>
