<?xml version="1.0"?>
<opencv_storage>
<CameraMatrix type_id="opencv-matrix">
  <rows>3</rows>
  <cols>3</cols>
  <dt>d</dt>
  <data>
    536.85297613065484 0. 317.03304887125216 0. 548.98253882012239
    253.62990636303601 0. 0. 1.</data></CameraMatrix>
<DistortionCoeffs type_id="opencv-matrix">
  <rows>1</rows>
  <cols>5</cols>
  <dt>d</dt>
  <data>
    -0.1078032418727454 -0.54014417992582175 -0.006876433054701668
    0.0022547568392752922 0.54262333500099647</data></DistortionCoeffs>
<RotationVector type_id="opencv-matrix">
  <rows>3</rows>
  <cols>1</cols>
  <dt>d</dt>
  <data>
    -0.63828723137819476 -1.6041706501308592 -1.9295657897915026</data></RotationVector>
<TranslationVector type_id="opencv-matrix">
  <rows>3</rows>
  <cols>1</cols>
  <dt>d</dt>
  <data>
    -335.86387104556752 986.63925923667205 4505.6567251394508</data></TranslationVector>
</opencv_storage>