<?xml version="1.0"?>
<opencv_storage>
<CameraMatrix type_id="opencv-matrix">
  <rows>3</rows>
  <cols>3</cols>
  <dt>d</dt>
  <data>
    552.16960470057109 0. 314.05791376630725 0. 560.31025176731839
    247.93435287399078 0. 0. 1.</data></CameraMatrix>
<DistortionCoeffs type_id="opencv-matrix">
  <rows>1</rows>
  <cols>5</cols>
  <dt>d</dt>
  <data>
    -0.11136592867976326 -0.55485564536097742 -0.0097882549703460931
    0.00073790034622518643 0.53054740895284791</data></DistortionCoeffs>
<RotationVector type_id="opencv-matrix">
  <rows>3</rows>
  <cols>1</cols>
  <dt>d</dt>
  <data>
    -0.60033463926264674 -1.5966569248028497 -1.9393786229491503</data></RotationVector>
<TranslationVector type_id="opencv-matrix">
  <rows>3</rows>
  <cols>1</cols>
  <dt>d</dt>
  <data>
    -298.97608872869665 1030.2072941026665 4572.8469293594435</data></TranslationVector>
</opencv_storage>
